# Gaussian list for /tmp/tmpewfcmoni.fits
# Generated by PyBDSF version 1.13.0.post2
# Reference frequency of the detection ("ch0") image: 1.43650e+08 Hz
# Equinox : 2000.0 

# Gaus_id Isl_id Source_id Wave_id RA E_RA DEC E_DEC Total_flux E_Total_flux Peak_flux E_Peak_flux Xposn E_Xposn Yposn E_Yposn Maj E_Maj Min E_Min PA E_PA Maj_img_plane E_Maj_img_plane Min_img_plane E_Min_img_plane PA_img_plane E_PA_img_plane DC_Maj E_DC_Maj DC_Min E_DC_Min DC_PA E_DC_PA DC_Maj_img_plane E_DC_Maj_img_plane DC_Min_img_plane E_DC_Min_img_plane DC_PA_img_plane E_DC_PA_img_plane Isl_Total_flux E_Isl_Total_flux Isl_rms Isl_mean Resid_Isl_rms Resid_Isl_mean Wave_Isl_rms Wave_Isl_mean S_Code
   0    0    0    0 185.33667515524570 0.00045095446121 53.59782063835807 0.00024585263053 0.00876271483628 0.00140971502764 0.00087338099540 0.00012824359874 18.82445986969724 1.08229073998379 253.36315239122806 0.58985026031666 0.00693302365896 0.00107185489210 0.00402118348895 0.00056079995078 99.05403609045146 9.87372016906738 0.00693295174777 0.00107150699478 0.00401989086655 0.00056079158094 99.01323547350989 9.87372016906738 0.00672970888303 0.00107185489210 0.00365928301181 0.00056079995078 99.05403609045140 9.87372016906738 0.00672963908090 0.00107150699478 0.00365810672360 0.00056079158094 99.01323547350984 9.87372016906738 0.01793378231855 0.00035882950081 0.00016872340348 0.00002266857700 0.00009473914368 0.00002353127057 0.00000000000000 0.00000000000000 M   
   1    0    0    0 185.33668009858727 0.00001449610045 53.59823166468010 0.00001184253499 0.01304922801146 0.00035193076940 0.01057792771688 0.00017590480275 18.81812147665776 0.03479063886453 254.34929296084911 0.02841264844333 0.00196314382295 0.00003442157582 0.00174611892319 0.00002754030949 77.94049332123294 5.42945241928101 0.00196312036697 0.00003440846558 0.00174556005535 0.00002754041998 77.89968849976469 5.42945241928101 0.00103734734385 0.00003442157582 0.00051901303933 0.00002754030949 77.94049332123485 5.42945241928101 0.00103733494950 0.00003440846558 0.00051884692255 0.00002754041998 77.89968849976661 5.42945241928101 0.01793378231855 0.00035882950081 0.00016872340348 0.00002266857700 0.00009473914368 0.00002353127057 0.00000000000000 0.00000000000000 M   
   2    1    1    0 185.32447078115538 0.00006259838858 53.51184588725868 0.00005292473052 0.00134813011920 0.00012992757062 0.00085181517885 0.00005445862189 36.09543685235857 0.15023612608609 47.07763319221353 0.12698198294543 0.00226229176058 0.00015343307863 0.00194385173662 0.00011714686879 64.66123098968338 16.01562309265137 0.00226217789036 0.00015339277161 0.00194337755560 0.00011714441644 64.63029207149276 16.01562309265137 0.00152967531770 0.00015343307863 0.00099971300085 0.00011714686879 64.66123098968556 16.01562309265137 0.00152959832305 0.00015339277161 0.00099946913201 0.00011714441644 64.63029207149495 16.01562309265137 0.00140774144854 0.00009146368418 0.00005070102998 0.00000096851659 0.00003478687604 0.00000413512522 0.00000000000000 0.00000000000000 S   
   3    2    2    0 185.30425197982601 0.00005757798523 53.61999114484666 0.00006365904017 0.00071199403016 0.00010477181134 0.00070605123062 0.00006012689846 65.01773708435617 0.13818716091259 306.53252667534758 0.15272949000958 0.00171752793000 0.00014998350458 0.00163148192589 0.00013549444703 174.56897896192569 65.84508514404297 0.00171694551040 0.00014997895050 0.00163147763507 0.00013544797548 174.55427921414821 65.84508514404297 0.00000000000000 0.00014998350458 0.00000000000000 0.00013549444703 0.00000000000000 65.84508514404297 0.00000000000000 0.00014997895050 0.00000000000000 0.00013544797548 0.00000000000000 65.84508514404297 0.00258232527280 0.00016136832414 0.00006003116141 0.00001139334108 0.00004419364175 0.00022049806547 0.00000000000000 0.00000000000000 S   
   4    3    3    0 185.29137426496595 0.00011252249664 53.61122698986105 0.00016511280909 0.00089356662108 0.00018048776519 0.00047756184969 0.00006681075320 83.34797763504959 0.27005399064076 285.50271703242157 0.39613691171993 0.00257749350230 0.00039274552878 0.00201717665417 0.00025910535083 10.84980375608411 21.04608917236328 0.00257665450939 0.00039262315840 0.00201715198046 0.00025909102987 10.84547594470573 21.04608917236328 0.00196567691124 0.00039274552878 0.00113629042088 0.00025910535083 10.84980375608466 21.04608917236328 0.00196503706911 0.00039262315840 0.00113627652203 0.00025909102987 10.84547594470627 21.04608917236328 0.00075448957609 0.00009555200508 0.00006204398233 0.00001373226405 0.00002085074569 0.00001406314052 0.00000000000000 0.00000000000000 S   
   5    4    4    0 185.28708233336394 0.00013601765297 53.53858484144994 0.00011167670480 0.00053235494613 0.00012007372667 0.00038234572406 0.00005500831685 89.45629482932030 0.32644236710895 111.21734314292709 0.26794218839585 0.00218014223953 0.00034194524062 0.00177455912036 0.00023419066139 118.67105576734728 25.77610588073730 0.00217998858454 0.00034186002449 0.00177414182993 0.00023417391640 118.67018502397741 25.77610588073730 0.00140529385303 0.00034194524062 0.00060825606045 0.00023419066139 118.67105576734528 25.77610588073730 0.00140519480890 0.00034186002449 0.00060811302808 0.00023417391640 118.67018502397541 25.77610588073730 0.00052124630230 0.00006920071939 0.00005208704533 0.00001092729690 0.00000919904024 0.00001106253453 0.00000000000000 0.00000000000000 S   
   6    5    5    0 185.27774148197170 0.00007944167752 53.65071845468139 0.00006257410241 0.00082302636518 0.00011280005512 0.00062905544465 0.00005401613089 102.74769875771845 0.19066002577051 380.24975181659755 0.15012440070954 0.00208734322576 0.00019394376596 0.00174173890086 0.00013822669553 67.99998043591856 17.64580345153809 0.00208723733635 0.00019387567590 0.00174120732945 0.00013821911125 68.00663438742691 17.64580345153809 0.00125655963385 0.00019394376596 0.00050416298178 0.00013822669553 67.99998043592058 17.64580345153809 0.00125649588955 0.00019387567590 0.00050400911338 0.00013821911125 68.00663438742893 17.64580345153809 0.00086426311637 0.00009132181942 0.00005150284778 0.00001236454136 0.00001669444306 0.00001316291009 0.00000000000000 0.00000000000000 S   
   7    6    6    0 185.27393184457500 0.00022735454451 53.63798324566221 0.00009823285238 0.00041295584815 0.00011571146599 0.00030767977137 0.00005295170922 108.17207266599051 0.54565090866280 349.69679612857482 0.23567632248642 0.00252561892558 0.00054734574634 0.00147667994821 0.00020182376443 102.81407011255068 9.83486652374268 0.00252557714832 0.00054714921862 0.00147618754425 0.00020181735454 102.82379187102453 9.83486652374268 0.00000000000000 0.00054734574634 0.00000000000000 0.00020182376443 0.00000000000000 9.83486652374268 0.00000000000000 0.00054714921862 0.00000000000000 0.00020181735454 0.00000000000000 9.83486652374268 0.00033124508820 0.00006547382909 0.00005268449604 0.00000637869198 0.00000765774075 0.00000639115840 0.00000000000000 0.00000000000000 S   
   8    7    7    0 185.25931449982320 0.00006832814111 53.51140009051485 0.00005856222707 0.00155935919253 0.00015522757775 0.00089816396608 0.00006091344039 129.08529890198787 0.16398753499823 46.00048695447314 0.14050802500408 0.00229631319035 0.00016093997013 0.00210079956885 0.00013786959383 89.42554767684636 29.74793243408203 0.00229631289028 0.00016090246208 0.00210018219820 0.00013786063937 89.44700852406038 29.74793243408203 0.00157964418915 0.00016093997013 0.00127825963579 0.00013786959383 89.42554767684645 29.74793243408203 0.00157964398276 0.00016090246208 0.00127788398842 0.00013786063937 89.44700852406046 29.74793243408203 0.00155644309930 0.00009880807352 0.00005622021854 0.00000490100001 0.00005625279582 0.00001354570378 0.00000000000000 0.00000000000000 S   
   9    8    8    0 185.22308975039817 0.00003190707403 53.60923646793632 0.00002847734948 0.00361279369469 0.00021682404090 0.00280747829837 0.00010538167408 180.57750259003515 0.07657696637235 280.76560934047114 0.06832261207807 0.00194941277373 0.00007517320344 0.00183428513581 0.00006701600970 93.07634968395261 24.17346382141113 0.00194941220243 0.00007515834295 0.00183366744011 0.00006701072562 93.12700897101627 24.17346382141113 0.00101115318147 0.00007517320344 0.00076482181082 0.00006701600970 93.07634968395166 24.17346382141113 0.00101115288518 0.00007515834295 0.00076456425704 0.00006701072562 93.12700897101531 24.17346382141113 0.00387929602066 0.00017451642141 0.00010019569891 0.00003027880484 0.00004653683785 0.00003400128468 0.00000000000000 0.00000000000000 S   
  10    9    9    0 185.21123747080534 0.00001915639516 53.57666489206940 0.00001411360729 0.02042051883690 0.00057629155637 0.01323217920576 0.00024561453029 197.53597279200858 0.04597534522273 202.63563115947861 0.03386172728496 0.00228470254648 0.00004583923814 0.00187690951746 0.00003223094109 104.26809129628668 3.51178073883057 0.00228466757199 0.00004582445763 0.00187633284137 0.00003223152817 104.32826867040467 3.51178073883057 0.00156269091660 0.00004583923814 0.00086215070629 0.00003223094109 104.26809129628562 3.51178073883057 0.00156266699483 0.00004582445763 0.00086188581253 0.00003223152817 104.32826867040360 3.51178073883057 0.20266067468619 0.00253037547666 0.00022980805079 0.00009240984218 0.00054060586762 0.00075055291790 0.00000000000000 0.00000000000000 M   
  11    9   10    0 185.21289047311498 0.00010326764139 53.57352664973249 0.00014158778877 0.00760637647184 0.00095375882434 0.00247793121410 0.00024150994432 195.18819275681099 0.24784214831383 195.10387595263001 0.33970175466717 0.00324867394665 0.00033365393486 0.00262554481777 0.00024283351877 176.69882589500585 17.48954582214355 0.00324763845144 0.00033355772030 0.00262553852250 0.00024283233506 176.75767028440890 17.48954582214355 0.00278824908979 0.00033365393486 0.00202871744987 0.00024283351877 176.69882589500571 17.48954582214355 0.00278736035228 0.00033355772030 0.00202871258569 0.00024283233506 176.75767028440879 17.48954582214355 0.20266067468619 0.00253037547666 0.00022980805079 0.00009240984218 0.00054060586762 0.00075055291790 0.00000000000000 0.00000000000000 C   
  12    9   11    0 185.19356929568951 0.00035689845283 53.57481307293934 0.00011849174993 0.03157138608659 0.00221437136330 0.00217675978703 0.00014295603614 222.71872245997022 0.85655650866685 198.22169424801407 0.28428686547112 0.01189587122041 0.00086255243172 0.00338785029487 0.00020152260955 76.62661068743716 1.49376857280731 0.01189559889658 0.00086227618158 0.00338683727386 0.00020152010256 76.70100757608952 1.49376857280731 0.01177853331794 0.00086255243172 0.00294925243025 0.00020152260955 76.62661068743718 1.49376857280731 0.01177826368063 0.00086227618158 0.00294837055707 0.00020152010256 76.70100757608954 1.49376857280731 0.20266067468619 0.00253037547666 0.00022980805079 0.00009240984218 0.00054060586762 0.00075055291790 0.00000000000000 0.00000000000000 M   
  13    9   11    0 185.19943096940500 0.00010440946829 53.57706324711170 0.00008003410297 0.04158227773789 0.00177113503338 0.00470625675106 0.00018085418560 214.35896332856476 0.25058269243674 203.61007063478854 0.19201982142426 0.00684469832104 0.00028188117546 0.00358687374253 0.00012862911936 56.62499160885049 2.09915995597839 0.00684395919371 0.00028178427601 0.00358610289174 0.00012862320000 56.69467256248686 2.09915995597839 0.00663863821194 0.00028188117546 0.00317595515452 0.00012862911936 56.62499160885059 2.09915995597839 0.00663792133633 0.00028178427601 0.00317527261387 0.00012862320000 56.69467256248696 2.09915995597839 0.20266067468619 0.00253037547666 0.00022980805079 0.00009240984218 0.00054060586762 0.00075055291790 0.00000000000000 0.00000000000000 M   
  14    9    9    0 185.21207392559930 0.00014024502186 53.57628009361565 0.00009353457997 0.00825546006384 0.00074349505476 0.00327729304747 0.00021133256087 196.34499123561218 0.33658804750777 201.71119209683431 0.22441054591509 0.00443843035775 0.00038996673604 0.00157700887303 0.00007463049958 57.16256192668486 1.55949437618256 0.00443797102158 0.00038984348066 0.00157666359994 0.00007463379006 57.22206572181216 1.55949437618256 0.00411355214191 0.00038996673604 0.00000000000000 0.00007463049958 57.16256192668506 1.55949437618256 0.00411312642774 0.00038984348066 0.00000000000000 0.00007463379006 57.22206572181236 1.55949437618256 0.20266067468619 0.00253037547666 0.00022980805079 0.00009240984218 0.00054060586762 0.00075055291790 0.00000000000000 0.00000000000000 M   
  15    9   12    0 185.21206135419789 0.00009019772345 53.57982859809059 0.00012741349349 0.00141907420355 0.00038515033381 0.00147006888878 0.00022646726575 196.35406208978611 0.21647435214155 210.22486707887154 0.30569350486822 0.00178577401667 0.00030034562559 0.00150203179427 0.00021194152142 3.76279928835066 32.93342208862305 0.00178519631110 0.00030027388129 0.00150203114226 0.00021192531858 3.82231601628882 32.93342208862305 0.00000000000000 0.00030034562559 0.00000000000000 0.00021194152142 0.00000000000000 32.93342208862305 0.00000000000000 0.00030027388129 0.00000000000000 0.00021192531858 0.00000000000000 32.93342208862305 0.20266067468619 0.00253037547666 0.00022980805079 0.00009240984218 0.00054060586762 0.00075055291790 0.00000000000000 0.00000000000000 C   
  16    9   13    0 185.21206442448528 0.00013792045013 53.58469768452996 0.00012453060789 0.00629885258206 0.00086275471394 0.00233166552240 0.00024088162172 196.33755259113985 0.33100900942678 221.90686932241519 0.29877605247695 0.00334281561679 0.00038498420012 0.00224554591663 0.00020809435877 129.56726871882361 9.19219779968262 0.00334240400117 0.00038485464756 0.00224508997176 0.00020809940179 129.62678683586876 9.19219779968262 0.00289757730923 0.00038498420012 0.00150451663976 0.00020809435877 129.56726871882302 9.19219779968262 0.00289722051789 0.00038485464756 0.00150421115656 0.00020809940179 129.62678683586816 9.19219779968262 0.20266067468619 0.00253037547666 0.00022980805079 0.00009240984218 0.00054060586762 0.00075055291790 0.00000000000000 0.00000000000000 C   
  17   10   14    0 185.20257373501349 0.00009455001623 53.64582920027149 0.00006499346270 0.00110384803524 0.00013492607669 0.00062607584362 0.00005220883031 209.68714539886275 0.22692003054808 368.58723916753496 0.15592903629267 0.00246768187515 0.00022275969231 0.00198538360771 0.00015293880533 91.35283548153208 14.22041797637939 0.00246768182363 0.00022268439352 0.00198468084724 0.00015294109471 91.42004828497579 14.22041797637939 0.00181980107235 0.00022275969231 0.00107796232005 0.00015293880533 91.35283548153200 14.22041797637939 0.00181980103443 0.00022268439352 0.00107758075688 0.00015294109471 91.42004828497571 14.22041797637939 0.00100062499707 0.00007290846202 0.00004848195385 -0.00000154630789 0.00002541238657 -0.00000001571572 0.00000000000000 0.00000000000000 S   
  18   12   15    0 185.17932495617410 0.00011012830208 53.60473163881199 0.00014048843010 0.00078376244594 0.00015591372249 0.00046153785606 0.00006211417349 242.91005975436417 0.26430756602691 270.03045524693670 0.33705950513205 0.00234014552309 0.00033274542063 0.00201640354419 0.00025684238459 9.71763138132791 34.60393142700195 0.00233937346813 0.00033266839455 0.00201639244330 0.00025682058185 9.80352766633125 34.60393142700195 0.00164215392362 0.00033274542063 0.00113493387030 0.00025684238459 9.71763138132882 34.60393142700195 0.00164161214836 0.00033266839455 0.00113492762220 0.00025682058185 9.80352766633215 34.60393142700195 0.00063381920475 0.00008757399276 0.00005753665755 -0.00000151417441 0.00001475643439 -0.00000131151137 0.00000000000000 0.00000000000000 S   
  19   13   16    0 185.17065307741055 0.00002503461109 53.51098193620919 0.00002154153112 0.00675912083111 0.00028070697476 0.00459576835120 0.00012414247612 255.62357956258612 0.06008304113994 45.12100840130772 0.05168446343099 0.00211772657500 0.00005942189132 0.00192969035474 0.00005018009728 103.22253932557373 11.28381824493408 0.00211770589990 0.00005940503252 0.00192914083006 0.00005018002412 103.31530237613146 11.28381824493408 0.00130649677748 0.00005942189132 0.00097177380922 0.00005018009728 103.22253932557150 11.28381824493408 0.00130648402236 0.00005940503252 0.00097149707381 0.00005018002412 103.31530237612922 11.28381824493408 0.01068144985428 0.00028200740785 0.00011608142813 0.00000292996538 0.00005534175528 0.00000909212301 0.00000000000000 0.00000000000000 M   
  20   13   16    0 185.16568430061335 0.00014330932323 53.51124504405036 0.00006232477185 0.00403768839317 0.00043272806682 0.00147700617616 0.00011920036195 262.71396098532034 0.34394248726693 45.76379216190182 0.14953458021421 0.00361053601448 0.00033765460296 0.00210379933661 0.00014652829824 88.45830026327057 4.97703981399536 0.00361052976684 0.00033755489858 0.00210318297448 0.00014651907259 88.55505958546564 4.97703981399536 0.00320283982115 0.00033765460296 0.00128318568894 0.00014652829824 88.45830026327060 4.97703981399536 0.00320283427911 0.00033755489858 0.00128280974675 0.00014651907259 88.55505958546567 4.97703981399536 0.01068144985428 0.00028200740785 0.00011608142813 0.00000292996538 0.00005534175528 0.00000909212301 0.00000000000000 0.00000000000000 M   
  21   14   17    0 185.17227230048542 0.00016983725997 53.61322140263804 0.00012943907572 0.00031547966764 0.00010210808793 0.00030303404754 0.00005621393939 252.92078925224448 0.40760933928924 290.41424973727089 0.31054830596105 0.00203948293587 0.00045215922838 0.00141841982225 0.00022015143390 122.15713022661450 16.93657302856445 0.00203931341333 0.00045202410547 0.00141805629294 0.00022015122522 122.24871576216890 16.93657302856445 0.00000000000000 0.00045215922838 0.00000000000000 0.00022015143390 0.00000000000000 16.93657302856445 0.00000000000000 0.00045202410547 0.00000000000000 0.00022015122522 0.00000000000000 16.93657302856445 0.00024801915486 0.00006699898573 0.00005705481817 -0.00000192004359 0.00000895081840 -0.00000187264189 0.00000000000000 0.00000000000000 S   
  22   15   18    0 185.16909555258343 0.00010073224380 53.61832422465802 0.00007408417549 0.00107505358326 0.00015049733265 0.00064982886238 0.00006099260645 257.42358849175537 0.24175734515463 302.66403026450905 0.17774119996391 0.00238450411746 0.00024259366613 0.00192787544000 0.00016692953145 106.57545185761346 16.36130142211914 0.00238445630030 0.00024251427385 0.00192725528796 0.00016693514772 106.66960204059308 16.36130142211914 0.00170527730813 0.00024259366613 0.00096805887242 0.00016692953145 106.57545185761239 16.36130142211914 0.00170524311178 0.00024251427385 0.00096774747078 0.00016693514772 106.66960204059201 16.36130142211914 0.00101264718388 0.00008226213920 0.00005682014307 0.00000043812469 0.00002766738776 0.00000196633848 0.00000000000000 0.00000000000000 S   
  23   16   19    0 185.15510329774088 0.00053411165168 53.57517616175156 0.00027726211060 0.01175272987204 0.00204424228418 0.00110808078445 0.00017668060900 277.53315413224931 1.28186828495242 199.17714979921735 0.66521205224989 0.00762363870065 0.00129364118765 0.00386582883095 0.00057919264214 104.97816195612984 8.28528022766113 0.00762353198064 0.00129322847351 0.00386463607321 0.00057919457322 105.08352037199984 8.28528022766113 0.00743922116117 0.00129364118765 0.00348785605696 0.00057919264214 104.97816195612980 8.28528022766113 0.00743911702301 0.00129322847351 0.00348677991858 0.00057919457322 105.08352037199980 8.28528022766113 0.03016916699684 0.00056793746031 0.00023943881388 0.00006408563786 0.00014916115499 0.00006654527846 0.00000000000000 0.00000000000000 M   
  24   16   19    0 185.15580169298508 0.00001008737139 53.57557062150865 0.00000872022876 0.02354384167093 0.00047577585286 0.02019128873448 0.00024737551576 276.53618306355366 0.02420967800407 200.12175725030940 0.02092180414161 0.00187871426482 0.00002394897000 0.00172460732676 0.00002031251810 76.05927568426949 5.54980945587158 0.00187866312396 0.00002394731746 0.00172409772107 0.00002030202268 76.16407251538743 5.54980945587158 0.00086697074688 0.00002394897000 0.00044141852017 0.00002031251810 76.05927568427266 5.54980945587158 0.00086694714692 0.00002394731746 0.00044128808507 0.00002030202268 76.16407251539060 5.54980945587158 0.03016916699684 0.00056793746031 0.00023943881388 0.00006408563786 0.00014916115499 0.00006654527846 0.00000000000000 0.00000000000000 M   
  25   17   20    0 185.15752333960432 0.00016211346175 53.64000824687171 0.00012664487480 0.00071240068019 0.00015012440333 0.00039067915952 0.00005659514136 273.80364549991202 0.38907218660675 354.71544302187607 0.30384073536100 0.00256830298490 0.00040867239690 0.00197291404571 0.00026019625475 62.37694109561836 20.01741600036621 0.00256807161738 0.00040855151019 0.00197239752519 0.00026017925120 62.48044094704778 20.01741600036621 0.00195394521419 0.00040867239690 0.00105506255993 0.00026019625475 62.37694109561950 20.01741600036621 0.00195376919164 0.00040855151019 0.00105478633836 0.00026017925120 62.48044094704893 20.01741600036621 0.00055207003584 0.00006777263973 0.00005268511086 0.00000315847615 0.00002043835430 0.00000382945333 0.00000000000000 0.00000000000000 S   
  26   18   21    0 185.14257763365410 0.00004033539728 53.50831074925657 0.00003059209786 0.02775869760163 0.00107538990773 0.00988593060855 0.00029238674324 295.70578887938291 0.09680492238275 38.78347333648088 0.07339944029032 0.00306735447949 0.00009533814085 0.00254356404597 0.00007158055679 82.69699810714893 6.04673004150391 0.00306732334924 0.00009530828538 0.00254284253083 0.00007158610242 82.81233556295399 6.04673004150391 0.00257503967756 0.00009533814085 0.00192103193654 0.00007158055679 82.69699810714924 6.04673004150391 0.00257501354385 0.00009530828538 0.00192048701084 0.00007158610242 82.81233556295430 6.04673004150391 0.05201115642947 0.00071035414394 0.00027496431721 0.00008716982120 0.00027100734675 0.00011275172429 0.00000000000000 0.00000000000000 M   
  27   18   21    0 185.14196714907365 0.00001281146992 53.50853089063614 0.00000989343610 0.02318761186602 0.00055466691930 0.01952852608667 0.00028433278203 296.57605985704640 0.03074751650332 39.31338221843907 0.02373726351551 0.00195264069720 0.00003038638911 0.00168962131659 0.00002301490496 100.23734820974244 3.79488372802734 0.00195263260617 0.00003037838724 0.00168913172198 0.00002301623499 100.35317694273112 3.79488372802734 0.00101735190282 0.00003038638911 0.00027464869426 0.00002301490496 100.23734820974101 3.79488372802734 0.00101734768733 0.00003037838724 0.00027456911045 0.00002301623499 100.35317694272970 3.79488372802734 0.05201115642947 0.00071035414394 0.00027496431721 0.00008716982120 0.00027100734675 0.00011275172429 0.00000000000000 0.00000000000000 M   
  28   19   22    0 185.13622424354932 0.00005186775751 53.50011310853672 0.00007931968827 0.00306075374802 0.00036079342688 0.00214694609225 0.00016231011250 304.81526486768786 0.12448208972038 19.13321606044574 0.19031244438134 0.00224749796441 0.00018781768214 0.00176251005975 0.00012054266647 7.73667040911614 11.30125331878662 0.00224684859544 0.00018776401703 0.00176250736725 0.00012054281251 7.85710396671509 11.30125331878662 0.00150727020170 0.00018781768214 0.00057328478607 0.00012054266647 7.73667040911667 11.30125331878662 0.00150683470662 0.00018776401703 0.00057328391032 0.00012054281251 7.85710396671562 11.30125331878662 0.00291000335625 0.00025524863234 0.00015369952598 0.00002131314614 0.00004683907769 0.00002443992267 0.00000000000000 0.00000000000000 S   
  29   20   23    0 185.12766563904378 0.00005585565561 53.53267571086766 0.00004907565524 0.00211257597505 0.00017614992242 0.00123984584849 0.00007007170643 316.85959397401774 0.13405345597832 97.28606260241808 0.11774579977709 0.00228114579900 0.00013355061911 0.00207549333190 0.00011323622508 70.96527894611354 23.31335639953613 0.00228104212837 0.00013351230882 0.00207495573954 0.00011323243962 71.09264968818292 23.31335639953613 0.00155743246378 0.00013355061911 0.00123630709727 0.00011323622508 70.96527894611614 23.31335639953613 0.00155736168363 0.00013351230882 0.00123598687019 0.00011323243962 71.09264968818552 23.31335639953613 0.00225901729664 0.00011876563094 0.00006474705151 -0.00000813190309 0.00006090051963 0.00000363067192 0.00000000000000 0.00000000000000 S   
  30   21   24    0 185.10917386711859 0.00019983826151 53.59117408538369 0.00017771331126 0.00055890073788 0.00016309102339 0.00031923546125 0.00006355970254 342.88893558816034 0.47961127589067 237.69829992874187 0.42637143272583 0.00236224810077 0.00049442684187 0.00205939233930 0.00039004371806 59.95535490452523 55.70137405395508 0.00236200408382 0.00049436150584 0.00205892444782 0.00038995803334 60.09771209497615 55.70137405395508 0.00167387703895 0.00049442684187 0.00120915523545 0.00039004371806 59.95535490452769 55.70137405395508 0.00167370412983 0.00049436150584 0.00120888051687 0.00038995803334 60.09771209497860 55.70137405395508 0.00042527139486 0.00008392987503 0.00005875026545 0.00000401655279 0.00001270481244 0.00000417128667 0.00000000000000 0.00000000000000 S   
  31   22   25    0 185.10649315638875 0.00011440458428 53.61766050459572 0.00009510835346 0.00049326143855 0.00010816533102 0.00041351626103 0.00005528448310 346.54728919689319 0.27457076400480 301.25360761932677 0.22818198063869 0.00195207834963 0.00027822154340 0.00169798394981 0.00021294915769 112.59877289540715 36.25384521484375 0.00195200981098 0.00027814391069 0.00169746205920 0.00021292848396 112.74333922394987 36.25384521484375 0.00101618750041 0.00027822154340 0.00032196797760 0.00021294915769 112.59877289540421 36.25384521484375 0.00101615182152 0.00027814391069 0.00032186901786 0.00021292848396 112.74333922394693 36.25384521484375 0.00045966091585 0.00007313202441 0.00005340258213 -0.00000302369699 0.00000827865753 -0.00000286741693 0.00000000000000 0.00000000000000 S   
  32   23   26    0 185.10102533064190 0.00011954385368 53.58968317547593 0.00009859091698 0.00062191906088 0.00012784249365 0.00045472071143 0.00005948017861 354.50578826331156 0.28690499479974 234.15023054431558 0.23654022331333 0.00206777105950 0.00028436723381 0.00183792374465 0.00022866819067 103.50364961127187 42.57221221923828 0.00206775295212 0.00028431633837 0.00183733344876 0.00022863349295 103.65256396703830 42.57221221923828 0.00122386711952 0.00028436723381 0.00077356366615 0.00022866819067 103.50364961126994 42.57221221923828 0.00122385640220 0.00028431633837 0.00077331521656 0.00022863349295 103.65256396703637 42.57221221923828 0.00057370622912 0.00007102973701 0.00005616106137 0.00000301380555 0.00001140814547 0.00000318631613 0.00000000000000 0.00000000000000 S   
  33   24   27    0 185.07361076490807 0.00012496118294 53.56116389100895 0.00011206854643 0.00046912268514 0.00011428024585 0.00038033339612 0.00005719236651 393.76321372871479 0.29990632314826 165.83315793363460 0.26887941075869 0.00191373408810 0.00029648088740 0.00179091910258 0.00026139362685 104.83738294437858 88.68679809570312 0.00191371573964 0.00029648790951 0.00179036691387 0.00026131214690 105.00830248479610 88.68679809570312 0.00094050365012 0.00029648088740 0.00065414045425 0.00026139362685 104.83738294437444 88.68679809570312 0.00094049463281 0.00029648790951 0.00065393876510 0.00026131214690 105.00830248479197 88.68679809570312 0.00044395301569 0.00007161103380 0.00005476375372 0.00001895075911 0.00000799015287 0.00001899632483 0.00000000000000 0.00000000000000 S   
